[gd_scene load_steps=5 format=2]

[ext_resource path="res://characters/race_truck/RaceTruck.tscn" type="PackedScene" id=1]
[ext_resource path="res://terrains/grassy_rocks/GrassyRocks.tscn" type="PackedScene" id=2]
[ext_resource path="res://default_env.tres" type="Environment" id=3]

[sub_resource type="BoxShape" id=1]
extents = Vector3( 0.631899, 39.0171, 253.63 )

[node name="Spatial" type="Spatial"]

[node name="TownBersek" parent="." instance=ExtResource( 2 )]
transform = Transform( 0.446885, 0, -0.894591, 0, 1, 0, 0.894591, 0, 0.446885, 0, 0, 0 )

[node name="BakedLightmap" type="BakedLightmap" parent="."]
transform = Transform( -0.474288, 0, 0.88037, 0, 1, 0, -0.88037, 0, -0.474288, -1.07141, 17.2178, 8.33681 )
visible = false
bake_extents = Vector3( 249.418, 48.1853, 265.761 )

[node name="WorldEnvironment" type="WorldEnvironment" parent="."]
environment = ExtResource( 3 )

[node name="DirectionalLight" type="DirectionalLight" parent="."]
transform = Transform( 0.457579, -0.577747, -0.675892, 0.85609, 0.0808472, 0.510465, -0.240275, -0.812202, 0.531597, 0, 93.1286, 0 )
light_energy = 1.3
shadow_enabled = true
directional_shadow_mode = 1

[node name="RaceTruck" parent="." instance=ExtResource( 1 )]
transform = Transform( 0.500997, 0, 0.865449, 0, 1, 0, -0.865449, 0, 0.500997, 30.8557, 18.1326, -35.8483 )

[node name="Boundary" type="Spatial" parent="."]

[node name="StaticBody" type="StaticBody" parent="Boundary"]
transform = Transform( 0.997374, 0, -0.0724201, 0, 1, 0, 0.0724201, 0, 0.997374, 244.705, 38.6084, -91.0173 )
visible = false

[node name="CollisionShape" type="CollisionShape" parent="Boundary/StaticBody"]
transform = Transform( 0.866724, 0, 0.498791, 0, 1, 0, -0.498791, 0, 0.866724, -13.8035, -19.6808, -10.7119 )
shape = SubResource( 1 )

[node name="StaticBody2" type="StaticBody" parent="Boundary"]
transform = Transform( 0.0612748, 0, 0.998121, 0, 1, 0, -0.998121, 0, 0.0612748, 136.16, 38.6084, 208.234 )
visible = false

[node name="CollisionShape" type="CollisionShape" parent="Boundary/StaticBody2"]
transform = Transform( 0.866724, 0, 0.498791, 0, 1, 0, -0.498791, 0, 0.866724, -13.8035, -19.6808, -10.7119 )
shape = SubResource( 1 )

[node name="StaticBody3" type="StaticBody" parent="Boundary"]
transform = Transform( -0.998247, 0, 0.0591841, 0, 1, 0, -0.0591841, 0, -0.998247, -231.968, 38.6084, 109.247 )
visible = false

[node name="CollisionShape" type="CollisionShape" parent="Boundary/StaticBody3"]
transform = Transform( 0.866724, 0, 0.498791, 0, 1, 0, -0.498791, 0, 0.866724, -13.8035, -19.6808, -10.7119 )
shape = SubResource( 1 )

[node name="StaticBody4" type="StaticBody" parent="Boundary"]
transform = Transform( -0.0491461, 0, -0.998791, 0, 1, 0, 0.998791, 0, -0.0491461, -152.57, 38.6084, -203.807 )
visible = false

[node name="CollisionShape" type="CollisionShape" parent="Boundary/StaticBody4"]
transform = Transform( 0.866724, 0, 0.498791, 0, 1, 0, -0.498791, 0, 0.866724, -13.8035, -19.6808, -10.7119 )
shape = SubResource( 1 )
